Dataset: KDD99
Model: CNN
Accuracy: 0.99809068
--------------------------------------------------
                 precision    recall  f1-score   support

           back   0.998483  0.995461  0.996970       661
buffer_overflow   0.750000  0.333333  0.461538         9
      ftp_write   0.000000  0.000000  0.000000         2
   guess_passwd   1.000000  0.937500  0.967742        16
           imap   1.000000  1.000000  1.000000         4
        ipsweep   0.925000  0.989305  0.956072       374
           land   0.857143  1.000000  0.923077         6
     loadmodule   0.000000  0.000000  0.000000         3
       multihop   0.000000  0.000000  0.000000         2
        neptune   0.999867  0.999933  0.999900     15000
           nmap   0.928571  0.565217  0.702703        69
           perl   0.000000  0.000000  0.000000         1
            phf   0.000000  0.000000  0.000000         1
            pod   0.906977  0.987342  0.945455        79
      portsweep   0.996785  0.993590  0.995185       312
        rootkit   0.000000  0.000000  0.000000         3
          satan   0.997863  0.979036  0.988360       477
            spy   0.999933  0.999933  0.999933     15000
       teardrop   0.000000  0.000000  0.000000         1
    warezclient   0.980000  1.000000  0.989899       294
    warezmaster   0.919753  0.973856  0.946032       306
         normal   0.998732  0.998698  0.998715     29183

       accuracy                       0.998091     61803
      macro avg   0.648141  0.625146  0.630526     61803
   weighted avg   0.997898  0.998091  0.997919     61803
