Dataset: KDD99
Model: KNN
Accuracy: 0.99804217
--------------------------------------------------
                 precision    recall  f1-score   support

           back   0.978820  0.978820  0.978820       661
buffer_overflow   0.555556  0.555556  0.555556         9
      ftp_write   0.000000  0.000000  0.000000         2
   guess_passwd   0.882353  0.937500  0.909091        16
           imap   0.000000  0.000000  0.000000         4
        ipsweep   0.989101  0.970588  0.979757       374
           land   1.000000  1.000000  1.000000         6
     loadmodule   0.000000  0.000000  0.000000         3
       multihop   0.000000  0.000000  0.000000         2
        neptune   0.999600  1.000000  0.999800     15000
           nmap   0.904110  0.956522  0.929577        69
           perl   0.000000  0.000000  0.000000         1
            phf   0.000000  0.000000  0.000000         1
            pod   0.987342  0.987342  0.987342        79
      portsweep   0.993443  0.971154  0.982172       312
        rootkit   0.000000  0.000000  0.000000         3
          satan   0.995708  0.972746  0.984093       477
            spy   0.999800  1.000000  0.999900     15000
       teardrop   0.000000  0.000000  0.000000         1
    warezclient   0.989899  1.000000  0.994924       294
    warezmaster   0.960912  0.964052  0.962480       306
         normal   0.997911  0.998732  0.998322     29183

       accuracy                       0.998042     61803
      macro avg   0.601571  0.604228  0.602811     61803
   weighted avg   0.997774  0.998042  0.997905     61803
