Dataset: KDD99
Model: ANN
Accuracy: 0.99896443
--------------------------------------------------
                 precision    recall  f1-score   support

           back   0.996974  0.996974  0.996974       661
buffer_overflow   0.750000  0.666667  0.705882         9
      ftp_write   1.000000  0.500000  0.666667         2
   guess_passwd   0.937500  0.937500  0.937500        16
           imap   1.000000  1.000000  1.000000         4
        ipsweep   0.994565  0.978610  0.986523       374
           land   1.000000  1.000000  1.000000         6
     loadmodule   1.000000  0.333333  0.500000         3
       multihop   0.000000  0.000000  0.000000         2
        neptune   0.999933  1.000000  0.999967     15000
           nmap   0.883117  0.985507  0.931507        69
           perl   1.000000  1.000000  1.000000         1
            phf   0.500000  1.000000  0.666667         1
            pod   1.000000  1.000000  1.000000        79
      portsweep   1.000000  0.993590  0.996785       312
        rootkit   0.500000  0.333333  0.400000         3
          satan   0.995772  0.987421  0.991579       477
            spy   0.999933  0.999933  0.999933     15000
       teardrop   0.000000  0.000000  0.000000         1
    warezclient   1.000000  1.000000  1.000000       294
    warezmaster   0.964052  0.964052  0.964052       306
         normal   0.998938  0.999280  0.999109     29183

       accuracy                       0.998964     61803
      macro avg   0.841854  0.803464  0.806507     61803
   weighted avg   0.998926  0.998964  0.998928     61803
