Dataset: KDD99
Model: KNN
Accuracy: 0.99809071
--------------------------------------------------
                 precision    recall  f1-score   support

           back   0.977341  0.978820  0.978080       661
buffer_overflow   0.625000  0.555556  0.588235         9
      ftp_write   0.000000  0.000000  0.000000         2
   guess_passwd   0.882353  0.937500  0.909091        16
           imap   1.000000  0.500000  0.666667         4
        ipsweep   0.989160  0.975936  0.982503       374
           land   1.000000  1.000000  1.000000         6
     loadmodule   0.000000  0.000000  0.000000         3
       multihop   0.000000  0.000000  0.000000         2
        neptune   0.999534  1.000000  0.999767     15000
           nmap   0.891892  0.956522  0.923077        69
           perl   0.000000  0.000000  0.000000         1
            phf   0.000000  0.000000  0.000000         1
            pod   0.987342  0.987342  0.987342        79
      portsweep   0.993421  0.967949  0.980519       312
        rootkit   0.000000  0.000000  0.000000         3
          satan   0.995708  0.972746  0.984093       477
            spy   0.999800  1.000000  0.999900     15000
       teardrop   0.000000  0.000000  0.000000         1
    warezclient   0.989899  1.000000  0.994924       294
    warezmaster   0.958065  0.970588  0.964286       306
         normal   0.998116  0.998664  0.998390     29183

       accuracy                       0.998091     61803
      macro avg   0.649438  0.627346  0.634403     61803
   weighted avg   0.997887  0.998091  0.997979     61803
