Dataset: KDD99
Model: SVM
Accuracy: 0.97660308
--------------------------------------------------
                 precision    recall  f1-score   support

           back   0.956459  0.996974  0.976296       661
buffer_overflow   0.079365  0.555556  0.138889         9
      ftp_write   0.041667  1.000000  0.080000         2
   guess_passwd   0.576923  0.937500  0.714286        16
           imap   0.666667  1.000000  0.800000         4
        ipsweep   0.748768  0.812834  0.779487       374
           land   0.750000  1.000000  0.857143         6
     loadmodule   0.000000  0.000000  0.000000         3
       multihop   0.166667  0.500000  0.250000         2
        neptune   1.000000  0.999800  0.999900     15000
           nmap   0.235294  0.811594  0.364821        69
           perl   0.004405  1.000000  0.008772         1
            phf   0.333333  1.000000  0.500000         1
            pod   0.906977  0.987342  0.945455        79
      portsweep   0.977848  0.990385  0.984076       312
        rootkit   0.007143  0.333333  0.013986         3
          satan   0.827160  0.983229  0.898467       477
            spy   0.999600  0.999533  0.999567     15000
       teardrop   0.000000  0.000000  0.000000         1
    warezclient   1.000000  1.000000  1.000000       294
    warezmaster   0.389558  0.950980  0.552707       306
         normal   0.999605  0.955042  0.976816     29183

       accuracy                       0.976603     61803
      macro avg   0.530338  0.809732  0.583667     61803
   weighted avg   0.991802  0.976603  0.983061     61803
