Dataset: KDD99
Model: DT
Accuracy: 0.97215346
--------------------------------------------------
                 precision    recall  f1-score   support

           back   1.000000  1.000000  1.000000       661
buffer_overflow   0.714286  0.555556  0.625000         9
      ftp_write   0.000000  0.000000  0.000000         2
   guess_passwd   1.000000  0.937500  0.967742        16
           imap   1.000000  1.000000  1.000000         4
        ipsweep   0.997283  0.981283  0.989218       374
           land   1.000000  1.000000  1.000000         6
     loadmodule   0.150000  1.000000  0.260870         3
       multihop   1.000000  0.500000  0.666667         2
        neptune   0.999933  0.999933  0.999933     15000
           nmap   0.087353  0.971014  0.160287        69
           perl   1.000000  1.000000  1.000000         1
            phf   1.000000  1.000000  1.000000         1
            pod   0.617188  1.000000  0.763285        79
      portsweep   0.996774  0.990385  0.993569       312
        rootkit   0.333333  0.666667  0.444444         3
          satan   0.997854  0.974843  0.986214       477
            spy   0.999933  0.997267  0.998598     15000
       teardrop   1.000000  1.000000  1.000000         1
    warezclient   1.000000  1.000000  1.000000       294
    warezmaster   0.242298  0.950980  0.386198       306
         normal   0.999565  0.944111  0.971047     29183

       accuracy                       0.972153     61803
      macro avg   0.778900  0.884979  0.782412     61803
   weighted avg   0.994305  0.972153  0.981320     61803
