Dataset: KDD99
Model: RF
Accuracy: 0.99893209
--------------------------------------------------
                 precision    recall  f1-score   support

           back   1.000000  0.998487  0.999243       661
buffer_overflow   0.875000  0.777778  0.823529         9
      ftp_write   0.000000  0.000000  0.000000         2
   guess_passwd   1.000000  0.937500  0.967742        16
           imap   1.000000  1.000000  1.000000         4
        ipsweep   0.994580  0.981283  0.987887       374
           land   1.000000  1.000000  1.000000         6
     loadmodule   1.000000  0.333333  0.500000         3
       multihop   1.000000  0.500000  0.666667         2
        neptune   1.000000  1.000000  1.000000     15000
           nmap   0.957143  0.971014  0.964029        69
           perl   1.000000  1.000000  1.000000         1
            phf   1.000000  1.000000  1.000000         1
            pod   1.000000  0.987342  0.993631        79
      portsweep   1.000000  0.990385  0.995169       312
        rootkit   0.000000  0.000000  0.000000         3
          satan   1.000000  0.989518  0.994731       477
            spy   1.000000  0.999933  0.999967     15000
       teardrop   0.000000  0.000000  0.000000         1
    warezclient   1.000000  1.000000  1.000000       294
    warezmaster   0.907463  0.993464  0.948518       306
         normal   0.999006  0.998903  0.998955     29183

       accuracy                       0.998932     61803
      macro avg   0.851509  0.793588  0.810912     61803
   weighted avg   0.998877  0.998932  0.998883     61803
