Dataset: KDD99
Model: KNN
Accuracy: 0.99767002
--------------------------------------------------
                 precision    recall  f1-score   support

           back   0.980243  0.975794  0.978014       661
buffer_overflow   0.583333  0.777778  0.666667         9
      ftp_write   0.000000  0.000000  0.000000         2
   guess_passwd   0.937500  0.937500  0.937500        16
           imap   1.000000  0.250000  0.400000         4
        ipsweep   0.938462  0.978610  0.958115       374
           land   0.750000  1.000000  0.857143         6
     loadmodule   0.000000  0.000000  0.000000         3
       multihop   0.000000  0.000000  0.000000         2
        neptune   0.999600  1.000000  0.999800     15000
           nmap   0.900000  0.652174  0.756303        69
           perl   0.000000  0.000000  0.000000         1
            phf   0.000000  0.000000  0.000000         1
            pod   0.986667  0.936709  0.961039        79
      portsweep   0.993399  0.964744  0.978862       312
        rootkit   0.000000  0.000000  0.000000         3
          satan   0.991416  0.968553  0.979852       477
            spy   0.999800  1.000000  0.999900     15000
       teardrop   0.000000  0.000000  0.000000         1
    warezclient   0.989899  1.000000  0.994924       294
    warezmaster   0.961039  0.967320  0.964169       306
         normal   0.997843  0.998766  0.998305     29183

       accuracy                       0.997670     61803
      macro avg   0.636782  0.609452  0.610481     61803
   weighted avg   0.997472  0.997670  0.997525     61803
