Dataset: KDD99
Model: SVM
Accuracy: 0.98462858
--------------------------------------------------
                 precision    recall  f1-score   support

           back   0.875332  0.998487  0.932862       661
buffer_overflow   0.250000  0.666667  0.363636         9
      ftp_write   0.111111  0.500000  0.181818         2
   guess_passwd   0.937500  0.937500  0.937500        16
           imap   1.000000  1.000000  1.000000         4
        ipsweep   0.968254  0.978610  0.973404       374
           land   1.000000  1.000000  1.000000         6
     loadmodule   0.000000  0.000000  0.000000         3
       multihop   0.022222  0.500000  0.042553         2
        neptune   1.000000  1.000000  1.000000     15000
           nmap   0.300885  0.985507  0.461017        69
           perl   0.333333  1.000000  0.500000         1
            phf   0.250000  1.000000  0.400000         1
            pod   0.987500  1.000000  0.993711        79
      portsweep   0.993590  0.993590  0.993590       312
        rootkit   0.034483  0.666667  0.065574         3
          satan   0.981211  0.985325  0.983264       477
            spy   0.999733  1.000000  0.999867     15000
       teardrop   0.000000  0.000000  0.000000         1
    warezclient   1.000000  1.000000  1.000000       294
    warezmaster   0.364749  0.973856  0.530721       306
         normal   0.999434  0.968749  0.983852     29183

       accuracy                       0.984629     61803
      macro avg   0.609515  0.825225  0.651971     61803
   weighted avg   0.993703  0.984629  0.988075     61803
