Dataset: KDD99
Model: CNN
Accuracy: 0.99818778
--------------------------------------------------
                 precision    recall  f1-score   support

           back   0.996974  0.996974  0.996974       661
buffer_overflow   1.000000  0.333333  0.500000         9
      ftp_write   0.000000  0.000000  0.000000         2
   guess_passwd   1.000000  0.937500  0.967742        16
           imap   1.000000  1.000000  1.000000         4
        ipsweep   0.913580  0.989305  0.949936       374
           land   0.750000  1.000000  0.857143         6
     loadmodule   0.000000  0.000000  0.000000         3
       multihop   0.000000  0.000000  0.000000         2
        neptune   1.000000  0.999933  0.999967     15000
           nmap   0.906977  0.565217  0.696429        69
           perl   0.000000  0.000000  0.000000         1
            phf   0.000000  0.000000  0.000000         1
            pod   1.000000  0.987342  0.993631        79
      portsweep   1.000000  0.996795  0.998395       312
        rootkit   0.000000  0.000000  0.000000         3
          satan   0.997868  0.981132  0.989429       477
            spy   0.999933  0.999933  0.999933     15000
       teardrop   0.000000  0.000000  0.000000         1
    warezclient   1.000000  1.000000  1.000000       294
    warezmaster   0.932258  0.944444  0.938312       306
         normal   0.998459  0.999109  0.998784     29183

       accuracy                       0.998188     61803
      macro avg   0.658911  0.624137  0.631212     61803
   weighted avg   0.998011  0.998188  0.998019     61803
