Dataset: KDD99
Model: DT
Accuracy: 0.97218582
--------------------------------------------------
                 precision    recall  f1-score   support

           back   1.000000  1.000000  1.000000       661
buffer_overflow   0.714286  0.555556  0.625000         9
      ftp_write   0.000000  0.000000  0.000000         2
   guess_passwd   1.000000  0.937500  0.967742        16
           imap   1.000000  1.000000  1.000000         4
        ipsweep   0.997283  0.981283  0.989218       374
           land   1.000000  1.000000  1.000000         6
     loadmodule   0.176471  1.000000  0.300000         3
       multihop   1.000000  0.500000  0.666667         2
        neptune   0.999933  0.999933  0.999933     15000
           nmap   0.087582  0.971014  0.160671        69
           perl   1.000000  1.000000  1.000000         1
            phf   1.000000  1.000000  1.000000         1
            pod   0.617188  1.000000  0.763285        79
      portsweep   0.990385  0.990385  0.990385       312
        rootkit   0.333333  0.666667  0.444444         3
          satan   0.995717  0.974843  0.985169       477
            spy   0.999933  0.997267  0.998598     15000
       teardrop   1.000000  1.000000  1.000000         1
    warezclient   1.000000  1.000000  1.000000       294
    warezmaster   0.242097  0.950980  0.385942       306
         normal   0.999601  0.944180  0.971100     29183

       accuracy                       0.972186     61803
      macro avg   0.779719  0.884982  0.784007     61803
   weighted avg   0.994274  0.972186  0.981322     61803
