Dataset: KDD99
Model: ANN
Accuracy: 0.99802601
--------------------------------------------------
                 precision    recall  f1-score   support

           back   0.995468  0.996974  0.996221       661
buffer_overflow   0.750000  0.333333  0.461538         9
      ftp_write   0.000000  0.000000  0.000000         2
   guess_passwd   1.000000  0.937500  0.967742        16
           imap   1.000000  1.000000  1.000000         4
        ipsweep   0.911548  0.991979  0.950064       374
           land   1.000000  1.000000  1.000000         6
     loadmodule   0.000000  0.000000  0.000000         3
       multihop   0.000000  0.000000  0.000000         2
        neptune   1.000000  1.000000  1.000000     15000
           nmap   0.847826  0.565217  0.678261        69
           perl   0.000000  0.000000  0.000000         1
            phf   0.000000  0.000000  0.000000         1
            pod   1.000000  0.987342  0.993631        79
      portsweep   0.996795  0.996795  0.996795       312
        rootkit   0.000000  0.000000  0.000000         3
          satan   0.997863  0.979036  0.988360       477
            spy   0.999933  0.999933  0.999933     15000
       teardrop   0.000000  0.000000  0.000000         1
    warezclient   1.000000  1.000000  1.000000       294
    warezmaster   0.891566  0.967320  0.927900       306
         normal   0.999006  0.998492  0.998749     29183

       accuracy                       0.998026     61803
      macro avg   0.654091  0.625178  0.634509     61803
   weighted avg   0.997944  0.998026  0.997923     61803
