Dataset: KDD99
Model: CNN
Accuracy: 0.99901301
--------------------------------------------------
                 precision    recall  f1-score   support

           back   0.998485  0.996974  0.997729       661
buffer_overflow   0.857143  0.666667  0.750000         9
      ftp_write   1.000000  0.500000  0.666667         2
   guess_passwd   1.000000  0.937500  0.967742        16
           imap   1.000000  1.000000  1.000000         4
        ipsweep   0.994565  0.978610  0.986523       374
           land   1.000000  1.000000  1.000000         6
     loadmodule   1.000000  0.333333  0.500000         3
       multihop   1.000000  0.500000  0.666667         2
        neptune   1.000000  1.000000  1.000000     15000
           nmap   0.891892  0.956522  0.923077        69
           perl   1.000000  1.000000  1.000000         1
            phf   1.000000  1.000000  1.000000         1
            pod   1.000000  1.000000  1.000000        79
      portsweep   1.000000  0.993590  0.996785       312
        rootkit   1.000000  0.333333  0.500000         3
          satan   0.995772  0.987421  0.991579       477
            spy   0.999933  0.999933  0.999933     15000
       teardrop   0.000000  0.000000  0.000000         1
    warezclient   1.000000  1.000000  1.000000       294
    warezmaster   0.937695  0.983660  0.960128       306
         normal   0.999109  0.999212  0.999161     29183

       accuracy                       0.999013     61803
      macro avg   0.939754  0.825762  0.859363     61803
   weighted avg   0.999015  0.999013  0.998986     61803
