Dataset: KDD99
Model: ANN
Accuracy: 0.99828488
--------------------------------------------------
                 precision    recall  f1-score   support

           back   0.995468  0.996974  0.996221       661
buffer_overflow   0.625000  0.555556  0.588235         9
      ftp_write   0.000000  0.000000  0.000000         2
   guess_passwd   0.789474  0.937500  0.857143        16
           imap   1.000000  1.000000  1.000000         4
        ipsweep   0.913793  0.991979  0.951282       374
           land   0.857143  1.000000  0.923077         6
     loadmodule   0.000000  0.000000  0.000000         3
       multihop   0.000000  0.000000  0.000000         2
        neptune   1.000000  0.999933  0.999967     15000
           nmap   0.909091  0.579710  0.707965        69
           perl   0.000000  0.000000  0.000000         1
            phf   0.000000  0.000000  0.000000         1
            pod   1.000000  0.987342  0.993631        79
      portsweep   1.000000  0.993590  0.996785       312
        rootkit   0.000000  0.000000  0.000000         3
          satan   0.995772  0.987421  0.991579       477
            spy   0.999867  1.000000  0.999933     15000
       teardrop   0.000000  0.000000  0.000000         1
    warezclient   1.000000  1.000000  1.000000       294
    warezmaster   0.927673  0.964052  0.945513       306
         normal   0.999006  0.998869  0.998938     29183

       accuracy                       0.998285     61803
      macro avg   0.636922  0.636042  0.634103     61803
   weighted avg   0.998103  0.998285  0.998139     61803
