Dataset: KDD99
Model: DT
Accuracy: 0.97208873
--------------------------------------------------
                 precision    recall  f1-score   support

           back   1.000000  1.000000  1.000000       661
buffer_overflow   0.714286  0.555556  0.625000         9
      ftp_write   0.000000  0.000000  0.000000         2
   guess_passwd   1.000000  0.937500  0.967742        16
           imap   1.000000  1.000000  1.000000         4
        ipsweep   0.997283  0.981283  0.989218       374
           land   1.000000  1.000000  1.000000         6
     loadmodule   0.142857  1.000000  0.250000         3
       multihop   1.000000  0.500000  0.666667         2
        neptune   0.999867  0.999933  0.999900     15000
           nmap   0.087353  0.971014  0.160287        69
           perl   1.000000  1.000000  1.000000         1
            phf   1.000000  1.000000  1.000000         1
            pod   0.617188  1.000000  0.763285        79
      portsweep   0.993548  0.987179  0.990354       312
        rootkit   0.333333  0.666667  0.444444         3
          satan   0.997859  0.976939  0.987288       477
            spy   0.999933  0.997267  0.998598     15000
       teardrop   1.000000  1.000000  1.000000         1
    warezclient   1.000000  1.000000  1.000000       294
    warezmaster   0.241694  0.950980  0.385430       306
         normal   0.999637  0.943974  0.971009     29183

       accuracy                       0.972089     61803
      macro avg   0.778402  0.884922  0.781783     61803
   weighted avg   0.994304  0.972089  0.981281     61803
