Dataset: KDD99
Model: KNN
Accuracy: 0.99757293
--------------------------------------------------
                 precision    recall  f1-score   support

           back   0.980183  0.972769  0.976462       661
buffer_overflow   0.666667  0.222222  0.333333         9
      ftp_write   0.000000  0.000000  0.000000         2
   guess_passwd   0.937500  0.937500  0.937500        16
           imap   1.000000  0.750000  0.857143         4
        ipsweep   0.931472  0.981283  0.955729       374
           land   0.600000  1.000000  0.750000         6
     loadmodule   0.000000  0.000000  0.000000         3
       multihop   0.000000  0.000000  0.000000         2
        neptune   0.999667  0.999933  0.999800     15000
           nmap   0.955556  0.623188  0.754386        69
           perl   0.000000  0.000000  0.000000         1
            phf   0.000000  0.000000  0.000000         1
            pod   0.987342  0.987342  0.987342        79
      portsweep   0.990164  0.967949  0.978930       312
        rootkit   0.000000  0.000000  0.000000         3
          satan   0.993548  0.968553  0.980892       477
            spy   0.999800  1.000000  0.999900     15000
       teardrop   0.000000  0.000000  0.000000         1
    warezclient   0.989899  1.000000  0.994924       294
    warezmaster   0.939683  0.967320  0.953301       306
         normal   0.997775  0.998629  0.998202     29183

       accuracy                       0.997573     61803
      macro avg   0.634966  0.608031  0.611720     61803
   weighted avg   0.997367  0.997573  0.997402     61803
