Dataset: KDD99
Model: ANN
Accuracy: 0.99839813
--------------------------------------------------
                 precision    recall  f1-score   support

           back   0.998485  0.996974  0.997729       661
buffer_overflow   0.625000  0.555556  0.588235         9
      ftp_write   0.000000  0.000000  0.000000         2
   guess_passwd   0.882353  0.937500  0.909091        16
           imap   1.000000  1.000000  1.000000         4
        ipsweep   0.920596  0.991979  0.954955       374
           land   0.750000  1.000000  0.857143         6
     loadmodule   0.000000  0.000000  0.000000         3
       multihop   1.000000  0.500000  0.666667         2
        neptune   1.000000  0.999933  0.999967     15000
           nmap   0.909091  0.579710  0.707965        69
           perl   0.000000  0.000000  0.000000         1
            phf   0.000000  0.000000  0.000000         1
            pod   1.000000  0.987342  0.993631        79
      portsweep   1.000000  0.993590  0.996785       312
        rootkit   0.000000  0.000000  0.000000         3
          satan   0.997881  0.987421  0.992624       477
            spy   0.999867  1.000000  0.999933     15000
       teardrop   0.000000  0.000000  0.000000         1
    warezclient   1.000000  1.000000  1.000000       294
    warezmaster   0.942675  0.967320  0.954839       306
         normal   0.998904  0.999041  0.998972     29183

       accuracy                       0.998398     61803
      macro avg   0.682948  0.658926  0.664479     61803
   weighted avg   0.998264  0.998398  0.998276     61803
