Dataset: KDD99
Model: RF
Accuracy: 0.9990
--------------------------------------------------
                 precision    recall  f1-score   support

           back   1.000000  0.998487  0.999243       661
buffer_overflow   0.777778  0.777778  0.777778         9
      ftp_write   0.000000  0.000000  0.000000         2
   guess_passwd   1.000000  0.937500  0.967742        16
           imap   1.000000  1.000000  1.000000         4
        ipsweep   0.994595  0.983957  0.989247       374
           land   1.000000  1.000000  1.000000         6
     loadmodule   0.000000  0.000000  0.000000         3
       multihop   1.000000  0.500000  0.666667         2
        neptune   1.000000  1.000000  1.000000     15000
           nmap   0.970588  0.956522  0.963504        69
           perl   1.000000  1.000000  1.000000         1
            phf   1.000000  1.000000  1.000000         1
            pod   1.000000  0.987342  0.993631        79
      portsweep   1.000000  0.990385  0.995169       312
        rootkit   0.000000  0.000000  0.000000         3
          satan   1.000000  0.989518  0.994731       477
            spy   1.000000  0.999933  0.999967     15000
       teardrop   0.000000  0.000000  0.000000         1
    warezclient   1.000000  1.000000  1.000000       294
    warezmaster   0.923780  0.990196  0.955836       306
         normal   0.998972  0.999143  0.999058     29183

       accuracy                       0.999013     61803
      macro avg   0.802987  0.777762  0.786481     61803
   weighted avg   0.998894  0.999013  0.998944     61803
