Dataset: KDD99
Model: SVM
Accuracy: 0.97522774
--------------------------------------------------
                 precision    recall  f1-score   support

           back   0.923188  0.963691  0.943005       661
buffer_overflow   0.086207  0.555556  0.149254         9
      ftp_write   0.012346  1.000000  0.024390         2
   guess_passwd   0.625000  0.937500  0.750000        16
           imap   0.125000  1.000000  0.222222         4
        ipsweep   0.848564  0.868984  0.858653       374
           land   0.666667  1.000000  0.800000         6
     loadmodule   0.000000  0.000000  0.000000         3
       multihop   0.166667  0.500000  0.250000         2
        neptune   1.000000  0.999800  0.999900     15000
           nmap   0.254386  0.840580  0.390572        69
           perl   0.000000  0.000000  0.000000         1
            phf   0.006536  1.000000  0.012987         1
            pod   0.987342  0.987342  0.987342        79
      portsweep   0.981073  0.996795  0.988871       312
        rootkit   0.007843  0.666667  0.015504         3
          satan   0.947368  0.981132  0.963955       477
            spy   0.999733  1.000000  0.999867     15000
       teardrop   0.000000  0.000000  0.000000         1
    warezclient   1.000000  1.000000  1.000000       294
    warezmaster   0.421808  0.960784  0.586241       306
         normal   0.999604  0.951718  0.975074     29183

       accuracy                       0.975228     61803
      macro avg   0.502697  0.782298  0.541720     61803
   weighted avg   0.993274  0.975228  0.983170     61803
