Dataset: KDD99
Model: SVM
Accuracy: 0.97956410
--------------------------------------------------
                 precision    recall  f1-score   support

           back   0.896836  0.986384  0.939481       661
buffer_overflow   0.437500  0.777778  0.560000         9
      ftp_write   0.040000  0.500000  0.074074         2
   guess_passwd   0.937500  0.937500  0.937500        16
           imap   0.153846  1.000000  0.266667         4
        ipsweep   0.794286  0.743316  0.767956       374
           land   1.000000  1.000000  1.000000         6
     loadmodule   0.000000  0.000000  0.000000         3
       multihop   0.000000  0.000000  0.000000         2
        neptune   1.000000  0.999933  0.999967     15000
           nmap   0.253012  0.913043  0.396226        69
           perl   0.000000  0.000000  0.000000         1
            phf   0.006711  1.000000  0.013333         1
            pod   0.987342  0.987342  0.987342        79
      portsweep   0.987302  0.996795  0.992026       312
        rootkit   0.019417  0.666667  0.037736         3
          satan   0.983264  0.985325  0.984293       477
            spy   0.999733  1.000000  0.999867     15000
       teardrop   0.000000  0.000000  0.000000         1
    warezclient   1.000000  1.000000  1.000000       294
    warezmaster   0.378906  0.950980  0.541899       306
         normal   0.999608  0.961793  0.980336     29183

       accuracy                       0.979564     61803
      macro avg   0.539785  0.745766  0.567214     61803
   weighted avg   0.992923  0.979564  0.985169     61803
