Dataset: KDD99
Model: DT
Accuracy: 0.96982347
--------------------------------------------------
                 precision    recall  f1-score   support

           back   1.000000  1.000000  1.000000       661
buffer_overflow   0.800000  0.444444  0.571429         9
      ftp_write   0.000000  0.000000  0.000000         2
   guess_passwd   1.000000  0.937500  0.967742        16
           imap   1.000000  1.000000  1.000000         4
        ipsweep   0.997283  0.981283  0.989218       374
           land   1.000000  1.000000  1.000000         6
     loadmodule   0.157895  1.000000  0.272727         3
       multihop   1.000000  0.500000  0.666667         2
        neptune   0.999933  0.999933  0.999933     15000
           nmap   0.198813  0.971014  0.330049        69
           perl   1.000000  1.000000  1.000000         1
            phf   1.000000  1.000000  1.000000         1
            pod   0.617188  1.000000  0.763285        79
      portsweep   0.993569  0.990385  0.991974       312
        rootkit   0.333333  0.666667  0.444444         3
          satan   0.527964  0.989518  0.688549       477
            spy   0.999933  0.997267  0.998598     15000
       teardrop   1.000000  1.000000  1.000000         1
    warezclient   1.000000  1.000000  1.000000       294
    warezmaster   0.217002  0.950980  0.353370       306
         normal   0.999562  0.938971  0.968320     29183

       accuracy                       0.969823     61803
      macro avg   0.765567  0.880362  0.773014     61803
   weighted avg   0.990673  0.969823  0.977747     61803
