Dataset: KDD99
Model: CNN
Accuracy: 0.99828488
--------------------------------------------------
                 precision    recall  f1-score   support

           back   0.995455  0.993949  0.994701       661
buffer_overflow   0.666667  0.444444  0.533333         9
      ftp_write   0.000000  0.000000  0.000000         2
   guess_passwd   1.000000  0.937500  0.967742        16
           imap   1.000000  1.000000  1.000000         4
        ipsweep   0.924242  0.978610  0.950649       374
           land   1.000000  1.000000  1.000000         6
     loadmodule   0.000000  0.000000  0.000000         3
       multihop   0.000000  0.000000  0.000000         2
        neptune   1.000000  1.000000  1.000000     15000
           nmap   0.909091  0.579710  0.707965        69
           perl   0.000000  0.000000  0.000000         1
            phf   0.000000  0.000000  0.000000         1
            pod   1.000000  0.987342  0.993631        79
      portsweep   1.000000  0.993590  0.996785       312
        rootkit   0.000000  0.000000  0.000000         3
          satan   0.997872  0.983229  0.990496       477
            spy   0.999933  0.999933  0.999933     15000
       teardrop   0.000000  0.000000  0.000000         1
    warezclient   1.000000  1.000000  1.000000       294
    warezmaster   0.931034  0.970588  0.950400       306
         normal   0.998527  0.999143  0.998835     29183

       accuracy                       0.998285     61803
      macro avg   0.655583  0.630365  0.640203     61803
   weighted avg   0.998063  0.998285  0.998123     61803
